1 1
2 1
3 1
4 1
5 1
6 1
7 1
8 1
9 1
10 1
11 1
12 1
13 1
14 1
15 1
16 1
17 1
18 1
19 1
20 1
21 1
22 1
23 1
24 1
25 1
26 1
27 1
28 1
29 1
30 1
31 1
32 1
33 1
34 1
35 1
36 1
37 1
38 1
39 1
40 1
41 1
42 1
43 1
44 1
45 1
46 1
47 1
48 1
49 1
50 1
51 1
52 1
53 1
54 1
55 1
56 1
57 1
58 1
59 1
60 1
61 1
1 2
37 2
41 2
61 2
1 3
37 3
41 3
61 3
1 4
37 4
41 4
61 4
1 5
5 5
6 5
7 5
8 5
9 5
10 5
11 5
12 5
13 5
14 5
15 5
16 5
17 5
21 5
22 5
23 5
24 5
25 5
29 5
33 5
37 5
41 5
45 5
46 5
47 5
48 5
49 5
50 5
51 5
52 5
53 5
57 5
58 5
59 5
60 5
61 5
1 6
5 6
25 6
29 6
33 6
41 6
49 6
61 6
1 7
5 7
25 7
29 7
33 7
41 7
49 7
61 7
1 8
5 8
25 8
29 8
33 8
41 8
49 8
61 8
1 9
5 9
9 9
10 9
11 9
12 9
13 9
14 9
15 9
16 9
17 9
18 9
19 9
20 9
21 9
25 9
29 9
30 9
31 9
32 9
33 9
34 9
35 9
36 9
37 9
38 9
39 9
40 9
41 9
42 9
43 9
44 9
45 9
49 9
53 9
54 9
55 9
56 9
57 9
61 9
1 10
5 10
13 10
21 10
25 10
33 10
49 10
57 10
61 10
1 11
5 11
13 11
21 11
25 11
33 11
49 11
57 11
61 11
1 12
5 12
13 12
21 12
25 12
33 12
49 12
57 12
61 12
1 13
5 13
6 13
7 13
8 13
9 13
13 13
14 13
15 13
16 13
17 13
21 13
22 13
23 13
24 13
25 13
26 13
27 13
28 13
29 13
33 13
37 13
38 13
39 13
40 13
41 13
42 13
43 13
44 13
45 13
46 13
47 13
48 13
49 13
50 13
51 13
52 13
53 13
57 13
58 13
59 13
60 13
61 13
1 14
9 14
21 14
29 14
37 14
53 14
61 14
1 15
9 15
21 15
29 15
37 15
53 15
61 15
1 16
9 16
21 16
29 16
37 16
53 16
61 16
1 17
2 17
3 17
4 17
5 17
9 17
13 17
14 17
15 17
16 17
17 17
18 17
19 17
20 17
21 17
25 17
29 17
30 17
31 17
32 17
33 17
34 17
35 17
36 17
37 17
41 17
42 17
43 17
44 17
45 17
49 17
53 17
54 17
55 17
56 17
57 17
61 17
1 18
5 18
9 18
25 18
29 18
41 18
49 18
57 18
61 18
1 19
5 19
9 19
25 19
29 19
41 19
49 19
57 19
61 19
1 20
5 20
9 20
25 20
29 20
41 20
49 20
57 20
61 20
1 21
5 21
9 21
10 21
11 21
12 21
13 21
14 21
15 21
16 21
17 21
18 21
19 21
20 21
21 21
22 21
23 21
24 21
25 21
26 21
27 21
28 21
29 21
30 21
31 21
32 21
33 21
37 21
38 21
39 21
40 21
41 21
45 21
46 21
47 21
48 21
49 21
50 21
51 21
52 21
53 21
57 21
61 21
1 22
9 22
21 22
37 22
45 22
49 22
57 22
61 22
1 23
9 23
21 23
37 23
45 23
49 23
57 23
61 23
1 24
9 24
21 24
37 24
45 24
49 24
57 24
61 24
1 25
9 25
13 25
17 25
21 25
25 25
26 25
27 25
28 25
29 25
30 25
31 25
32 25
33 25
34 25
35 25
36 25
37 25
41 25
42 25
43 25
44 25
45 25
49 25
53 25
54 25
55 25
56 25
57 25
61 25
1 26
9 26
13 26
17 26
21 26
25 26
33 26
37 26
49 26
57 26
61 26
1 27
9 27
13 27
17 27
21 27
25 27
33 27
37 27
49 27
57 27
61 27
1 28
9 28
13 28
17 28
21 28
25 28
33 28
37 28
49 28
57 28
61 28
1 29
5 29
9 29
13 29
17 29
21 29
25 29
33 29
37 29
38 29
39 29
40 29
44 29
45 29
46 29
47 29
48 29
49 29
50 29
51 29
52 29
53 29
57 29
61 29
1 30
5 30
13 30
17 30
25 30
33 30
49 30
57 30
61 30
1 31
5 31
13 31
17 31
25 31
33 31
49 31
57 31
61 31
1 32
5 32
13 32
17 32
25 32
33 32
49 32
57 32
61 32
1 33
5 33
6 33
7 33
8 33
9 33
10 33
11 33
12 33
13 33
17 33
18 33
19 33
20 33
21 33
25 33
26 33
27 33
28 33
29 33
33 33
34 33
35 33
36 33
37 33
41 33
42 33
43 33
44 33
45 33
49 33
53 33
54 33
55 33
56 33
61 33
1 34
9 34
13 34
17 34
21 34
25 34
29 34
33 34
41 34
49 34
53 34
61 34
1 35
9 35
13 35
17 35
21 35
25 35
29 35
33 35
41 35
49 35
53 35
61 35
1 36
9 36
13 36
17 36
21 36
25 36
29 36
33 36
41 36
49 36
53 36
61 36
1 37
2 37
3 37
4 37
5 37
9 37
13 37
17 37
21 37
25 37
29 37
33 37
34 37
35 37
36 37
37 37
38 37
39 37
40 37
41 37
45 37
46 37
47 37
48 37
49 37
53 37
57 37
61 37
1 38
5 38
9 38
21 38
29 38
41 38
45 38
53 38
57 38
61 38
1 39
5 39
9 39
21 39
29 39
41 39
45 39
53 39
57 39
61 39
1 40
5 40
9 40
21 40
29 40
41 40
45 40
53 40
57 40
61 40
1 41
5 41
9 41
10 41
11 41
12 41
13 41
17 41
18 41
19 41
20 41
21 41
22 41
23 41
24 41
25 41
26 41
27 41
28 41
29 41
30 41
31 41
32 41
33 41
34 41
35 41
36 41
37 41
41 41
45 41
46 41
47 41
48 41
49 41
50 41
51 41
52 41
53 41
57 41
58 41
59 41
60 41
61 41
1 42
5 42
9 42
21 42
33 42
41 42
45 42
53 42
61 42
1 43
5 43
9 43
21 43
33 43
41 43
45 43
53 43
61 43
1 44
5 44
9 44
21 44
33 44
41 44
45 44
53 44
61 44
1 45
5 45
9 45
13 45
14 45
15 45
16 45
17 45
21 45
22 45
23 45
24 45
25 45
26 45
27 45
28 45
29 45
33 45
37 45
38 45
39 45
40 45
41 45
42 45
43 45
44 45
45 45
49 45
53 45
54 45
55 45
56 45
57 45
61 45
1 46
5 46
9 46
17 46
25 46
33 46
41 46
49 46
61 46
1 47
5 47
9 47
17 47
25 47
33 47
41 47
49 47
61 47
1 48
5 48
9 48
17 48
25 48
33 48
41 48
49 48
61 48
1 49
5 49
9 49
13 49
17 49
18 49
19 49
20 49
21 49
25 49
29 49
30 49
31 49
32 49
33 49
34 49
35 49
36 49
37 49
41 49
45 49
46 49
47 49
48 49
49 49
50 49
51 49
52 49
53 49
54 49
55 49
56 49
57 49
58 49
59 49
60 49
61 49
1 50
9 50
13 50
17 50
21 50
29 50
37 50
45 50
61 50
1 51
9 51
13 51
17 51
21 51
29 51
37 51
45 51
61 51
1 52
9 52
13 52
17 52
21 52
29 52
37 52
45 52
61 52
1 53
5 53
6 53
7 53
8 53
9 53
13 53
17 53
21 53
22 53
23 53
24 53
25 53
26 53
27 53
28 53
29 53
33 53
37 53
38 53
39 53
40 53
41 53
42 53
43 53
45 53
46 53
47 53
48 53
49 53
53 53
57 53
58 53
59 53
60 53
61 53
1 54
9 54
13 54
21 54
29 54
33 54
49 54
53 54
61 54
1 55
9 55
13 55
21 55
29 55
33 55
49 55
53 55
61 55
1 56
9 56
13 56
21 56
29 56
33 56
49 56
53 56
61 56
1 57
2 57
3 57
4 57
5 57
9 57
13 57
14 57
15 57
16 57
17 57
21 57
25 57
29 57
30 57
31 57
32 57
33 57
34 57
35 57
36 57
37 57
38 57
39 57
40 57
41 57
45 57
49 57
50 57
51 57
52 57
53 57
54 57
55 57
56 57
57 57
61 57
1 58
9 58
17 58
25 58
45 58
61 58
1 59
9 59
17 59
25 59
45 59
61 59
1 60
9 60
17 60
25 60
45 60
61 60
1 61
2 61
3 61
4 61
5 61
6 61
7 61
8 61
9 61
10 61
11 61
12 61
13 61
14 61
15 61
16 61
17 61
18 61
19 61
20 61
21 61
22 61
23 61
24 61
25 61
26 61
27 61
28 61
29 61
30 61
31 61
32 61
33 61
34 61
35 61
36 61
37 61
38 61
39 61
40 61
41 61
42 61
43 61
44 61
45 61
46 61
47 61
48 61
49 61
50 61
51 61
52 61
53 61
54 61
55 61
56 61
57 61
58 61
59 61
60 61
61 61
















